31238421
31203223
31233655
31203455
31168813
31114207
31104671
31187703
31402440
31425274
31247648
31239423
31167519
31129916
31131345
31433463
31236399
31160878
31418374
31434593
54912049
31424347
31104912
31133915
31429700
31428878
31433758
31113869
31123934
31170761
31162187
31130653
31435176
31430653
31141416
31215746
31131955
31155832
31158551
31136558
31129207
31248943
31206828
31241444
31415751
31402764
31437868
31225690
31168105
31403557
31427304
31175959
31125669
31404688
31125472
31210220
31136671
31436857
31115539
31128973
31148881
31122693
31437760
31164763
31139674
31424128
31148796
31422817
31422889
31436403
31409359
31228340
31200671
31193571
31409437
31122858
31218030
31436881
31433109
31141584
31428241
31204772
31113772
31117836
31434064
31192723
31126541
31409715
31422534
31219984
31424070
31114324
31125875
31112843
31244585
31430438
31242076
31117183
31114796
31219379
31409031
31138869
31128031
31204907
31242507
31244872
31205146
31218731
31428488
31159374
31199033
31222211
31207849
31412497
31189256
31161879
31426353
31239997
31245841
31237589
31435845
31194590
31123886
31439649
31176405
31407182
31417205
31166241
31415975
31426594
31173553
31119184
31434019
31244076
31151334
31229262
31185286
31185723
31189130
31149969
31192567
31438758
31176633
31203793
31112603
31164634
31423043
31133256
31200167
31411358
31133172
31246005
31435731
31117540
31216876
31116888
31176964
31421079
31423271
31215656
31241440
31226473
31422265
31162339
31407925
31190796
31222048
31167101
31223919
31107819
31210765
31141786
31438070
31222541
31244704
31426181
31423324
31409514
31417005
31243559
31434071
31237925
31436337
31411381
31156760
31239899
31417731
51953359
31214736
31561481
31508579
31527041
31541369
31552797
31502634
31565691
31562861
31587420
31502417
31580253
31527402
31522190
31594742
31522835
31580437
31534923
31532987
31531089
31535246
31538697
31526868
31535146
31527357
31506197
31511266
31598732
31514243
31530782
31513689
31573801
31523305
31522808
31579861
31520734
31581244
31592834
31557240
31567716
31575582
31565163
31523147
31551218
31508458
31530234
31519288
31561381
31573154
31536702
31554713
31529098
31548477
31567391
31587933
31509869
31533314
31565416
31515538
31505117
31542218
31510124
31541557
31576153
31584245
31590565
